line
300 50 0 450 125 0
line
450 125 0 450 270 0
line 
450 270 0 400 245 0
line 
400 245 0 400 235 0 
line 
400 235 0 350 210 0 
line 
400 235 0 350 260 0
line 
350 260 0 300 235 0 
line 
300 235 0 350 210 0
line 
300 235 0 300 225 0 
line 
300 225 0 350 200 0 
line 
300 225 0 250 200 0
line 
250 240 0 290 220 0
line 
250 240 0 200 215 0
line 
200 255 0 240 235 0 
line 
200 255 0 190 250 0
line 
200 255 0 150 230 0
line 
190 250 0 150 270 0
line 
150 270 0 140 265 0
line 
150 270 0 100 245 0
line 
140 265 0 100 285 0
line 
100 285 0 90 280 0
line 
100 285 0 50 260 0
line 
90 280 0 50 300 0
line 
50 300 0 40 295 0 
line 
50 300 0 0 275 0
line 
40 295 0 0 275 0

line 
50 300 0 60 295 0
line 
60 295 0 100 315 0
line
100 315 0 110 310 0
line 
100 315 0 150 280 0
line
110 310 0 150 330 0 
line
150 330 0 160 325 0 
line 
150 330 0 200 295 0
line
160 325 0 200 345 0 
line
200 345 0 210 340 0 
line 
200 345 0 250 310 0
line
210 340 0 250 360 0 
line
250 360 0 260 355 0 
line 
250 360 0 300 325 0
line
260 355 0 300 365 0

line 
350 210 0 350 200 0
line 
350 200 0 300 175 0 
line 
300 175 0 250 200 0
line 
250 200 0 250 190 0
line 
250 190 0 200 215 0
line 
200 215 0 200 205 0
line 
200 205 0 150 230 0
line 
150 230 0 150 220 0
line 
150 220 0 100 245 0
line 
100 245 0 100 235 0 
line 
100 235 0 50 260 0 
line 
50 260 0 50 250 0
line 
50 250 0 0 275 0
line 
300 50 0 0 150 0
line
0 150 0 0 275 0
line
300 50 0 300 175 0
line 
450 270 0 400 295 0
line 
400 295 0 400 305 0
line 
400 305 0 350 330 0
line 
350 330 0 350 340 0
line 
350 340 0 300 365 0
line 
400 245 0 350 270 0 
line 
350 270 0 400 295 0 
line 
350 270 0 350 280 0
line
350 280 0 400 305 0
line 
350 280 0 300 305 0
line 
300 305 0 350 330 0
line 
350 340 0 300 315 0

line 
300 305 0 300 225 0

line
300 315 0 300 325 0
line
300 325 0 250 300 0
line
250 300 0 250 310 0
line
250 310 0 200 285 0
line
200 285 0 200 295 0
line
200 295 0 150 270 0
line
150 270 0 150 280 0
line
150 280 0 130 270 0 

ident
move 
25 0 0
apply
display
